1 Core
n,S,T
 100000000, 8666.666687, 4.9809606000
 100000000, 8666.666687, 4.8773185370
 100000000, 8666.666687, 4.8161638420
 100000000, 8666.666687, 5.2365207290
 100000000, 8666.666687, 4.9094299130
2 Cores
n,S,T
 100000000, 8666.666687, 3.3036556480
 100000000, 8666.666687, 3.2720493840
 100000000, 8666.666687, 3.2804898990
 100000000, 8666.666687, 3.2802348640
 100000000, 8666.666687, 3.3726930320
3 Cores
n,S,T
 100000000, 8666.666687, 2.1669354550
 100000000, 8666.666687, 2.2473600300
 100000000, 8666.666687, 2.3102324920
 100000000, 8666.666687, 2.2468703910
 100000000, 8666.666687, 2.4151904460
4 Cores
n,S,T
 100000000, 8666.666687, 1.8955933510
 100000000, 8666.666687, 1.8837067950
 100000000, 8666.666687, 1.8959072360
 100000000, 8666.666687, 1.8987021390
 100000000, 8666.666687, 1.9044511840
5 Cores
n,S,T
 100000000, 8666.666687, 1.6650383670
 100000000, 8666.666687, 1.4865436860
 100000000, 8666.666687, 1.4827698790
 100000000, 8666.666687, 1.5697053290
 100000000, 8666.666687, 1.5518647380
6 Cores
n,S,T
 100000000, 8666.666687, 1.3629573080
 100000000, 8666.666687, 1.3111429720
 100000000, 8666.666687, 1.3472635520
 100000000, 8666.666687, 1.3486325260
 100000000, 8666.666687, 1.4549697350
7 Cores
n,S,T
 100000000, 8666.666687, 1.1611578430
 100000000, 8666.666687, 1.2755644650
 100000000, 8666.666687, 1.1519503180
 100000000, 8666.666687, 1.2298437940
 100000000, 8666.666687, 1.2008319870
8 Cores
n,S,T
 100000000, 8666.666687, 1.2054875070
 100000000, 8666.666687, 1.4050343290
 100000000, 8666.666687, 1.2781173710
 100000000, 8666.666687, 1.3650946030
 100000000, 8666.666687, 1.3554687260
